   1 52
   8 54
   3 55
  12 56
   8 57
   9 58
   2 59
   3 60
   1 61
  10 62
   2 63
  13 64
  13 65
   6 66
   3 67
   2 68
   4 69
   4 70
   6 71
   6 72
   5 73
   9 74
   7 75
   5 76
   5 77
  11 78
   9 79
  13 80
  15 81
   9 82
   8 83
  10 84
  11 85
   7 86
  17 87
  10 88
   9 89
  16 90
  18 91
  27 92
  24 93
 258 94
  83 95
  28 96
  20 97
  25 98
  24 99
  42 100
  58 101
 105 102
  54 103
  24 104
  25 105
  56 106
  40 107
  66 108
  67 109
 194 110
  63 111
  55 112
  89 113
  66 114
  45 115
  39 116
  33 117
  26 118
 175 119
  94 120
  34 121
  45 122
  53 123
  91 124
  42 125
  35 126
 162 127
  56 128
  98 129
 396 130
  65 131
 136 132
 422 133
  59 134
  86 135
  94 136
  35 137
  46 138
  59 139
  39 140
  38 141
  19 142
  49 143
 264 144
 325 145
1087 146
  32 147
 302 148
  32 149
  37 150
  34 151
  56 152
  51 153
  36 154
  46 155
  74 156
  56 157
  28 158
  48 159
  48 160
  46 161
  78 162
  58 163
4832 164
  89 165
  36 166
  29 167
  60 168
  62 169
  35 170
  86 171
  50 172
  44 173
  36 174
  41 175
  39 176
  60 177
  37 178
  47 179
  54 180
  36 181
  42 182
  71 183
 344 184
  44 185
  95 186
 264 187
  42 188
  75 189
  39 190
  38 191
  70 192
  80 193
  37 194
  66 195
  54 196
  53 197
  60 198
  57 199
 195 200
 140 201
 254 202
  86 203
 483 204
 177 205
 131 206
 309 207
 176 208
  97 209
 228 210
 153 211
 122 212
 230 213
 127 214
 197 215
 171 216
 151 217
 129 218
 352 219
8195 220
2737 221
 996 222
 487 223
 187 224
 256 225
 363 226
 166 227
 150 228
 128 229
 108 230
 172 231
 342 232
 180 233
 211 234
 137 235
 172 236
 243 237
 151 238
 151 239
 364 240
 107 241
 260 242
 397 243
 281 244
 187 245
 273 246
 126 247
 176 248
 237 249
 169 250
 201 251
 227 252
 281 253
 139 254
 261 255
 195 256
 155 257
 350 258
 238 259
 237 260
 333 261
 275 262
 210 263
 327 264
 290 265
 386 266
 336 267
 275 268
 391 269
 588 270
 320 271
 256 272
 400 273
 302 274
 297 275
 603 276
 257 277
 356 278
 461 279
 310 280
 409 281
 449 282
 429 283
 525 284
 497 285
 270 286
 280 287
 363 288
 530 289
 986 290
 627 291
 292 292
 342 293
 470 294
 375 295
 359 296
 667 297
 413 298
 257 299
 629 300
 283 301
 399 302
 856 303
 435 304
 472 305
1460 306
12716 307
 617 308
3542 309
1378 310
1276 311
25761 312
20055 313
3123 314
2071 315
 364 316
 430 317
1580 318
 509 319
 451 320
 441 321
 555 322
 428 323
 682 324
2188 325
2093 326
3364 327
1571 328
 751 329
 977 330
1522 331
1522 332
 495 333
 335 334
 414 335
 635 336
 440 337
1049 338
 668 339
 556 340
 315 341
1183 342
 352 343
 463 344
1233 345
 757 346
 413 347
1034 348
 363 349
 796 350
1260 351
 859 352
 526 353
 661 354
 392 355
 428 356
 739 357
 395 358
 647 359
1006 360
1626 361
 547 362
 966 363
 564 364
 392 365
1501 366
 781 367
 453 368
 768 369
 595 370
 791 371
1015 372
 707 373
 624 374
1456 375
 739 376
 694 377
1171 378
1056 379
 668 380
1783 381
 784 382
 602 383
2023 384
1172 385
1077 386
1466 387
 616 388
 518 389
1376 390
 610 391
1211 392
1227 393
 764 394
1037 395
1340 396
 527 397
 836 398
2099 399
1499 400
1951 401
1866 402
3882 403
1152 404
2014 405
1004 406
27543 407
1986 408
 762 409
 943 410
1945 411
 970 412
 579 413
2195 414
1509 415
1464 416
2895 417
1563 418
2199 419
3801 420
8630 421
1382 422
2486 423
1039 424
1327 425
3721 426
 864 427
1467 428
2126 429
1274 430
 798 431
2235 432
 977 433
1523 434
3027 435
 831 436
1064 437
3163 438
1777 439
 874 440
2944 441
1178 442
1031 443
2480 444
2037 445
2538 446
2771 447
1341 448
1872 449
3626 450
3908 451
2047 452
4480 453
2133 454
2857 455
5786 456
1870 457
2819 458
4684 459
1710 460
2081 461
7659 462
4506 463
2878 464
6251 465
2271 466
2355 467
7186 468
2123 469
2721 470
5886 471
4337 472
2201 473
6572 474
1989 475
2376 476
4536 477
2273 478
1957 479
6308 480
2464 481
1835 482
3692 483
1937 484
2165 485
3480 486
2077 487
1767 488
2979 489
2281 490
1866 491
2949 492
2297 493
2110 494
3058 495
2008 496
1902 497
3618 498
3167 499
2181 500
4226 501
3658 502
2652 503
6496 504
2856 505
2066 506
5732 507
2679 508
2677 509
10007 510
3163 511
2700 512
13215 513
4598 514
4073 515
17049 516
3214 517
2732 518
15801 519
3700 520
3533 521
18525 522
3273 523
3728 524
19305 525
3063 526
4225 527
18604 528
3503 529
3877 530
17243 531
4556 532
4701 533
23294 534
4189 535
4391 536
25308 537
4281 538
3775 539
28486 540
4074 541
3089 542
21131 543
5184 544
4928 545
31816 546
5282 547
6525 548
35015 549
11415 550
6374 551
50327 552
4946 553
6638 554
64597 555
8226 556
5676 557
29797 558
6314 559
7580 560
34995 561
10236 562
7092 563
107055 564
17027 565
11702 566
71368 567
10765 568
7005 569
32810 570
8960 571
8707 572
48858 573
10221 574
9879 575
181707 576
31806 577
9745 578
143411 579
15318 580
14003 581
105423 582
21121 583
11980 584
66276 585
13572 586
10041 587
321048 588
68295 589
19370 590
149913 591
41684 592
16878 593
50509 594
13339 595
10398 596
15286 597
8520 598
11000 599
44791 600
18124 601
14989 602
31732 603
10189 604
11809 605
25894 606
10322 607
11999 608
32654 609
13749 610
17868 611
29721 612
18375 613
41243 614
23186 615
12453 616
12166 617
30702 618
13719 619
16482 620
38249 621
18464 622
13896 623
29429 624
17353 625
14142 626
32668 627
17517 628
21592 629
41148 630
22410 631
62894 632
41183 633
21327 634
17882 635
36038 636
28657 637
34989 638
44732 639
150359 640
64667 641
59601 642
53698 643
50023 644
67070 645
56097 646
63852 647
74932 648
65725 649
57619 650
379301 651
783958 652
1494882 653
1255457 654
671626 655
219987 656
252943 657
2743384 658
40698 659
30731 660
22325 661
14162 662
13756 663
9887 664
9005 665
11001 666
8525 667
8980 668
11852 669
9429 670
8251 671
11225 672
8163 673
8285 674
10321 675
12863 676
9435 677
11017 678
7125 679
7029 680
7196 681
6702 682
4760 683
4899 684
3771 685
4727 686
4015 687
3147 688
2258 689
3747 690
2231 691
2746 692
3135 693
11152 694
3752 695
10493 696
7380 697
3956 698
4337 699
2808 700
2255 701
2478 702
1217 703
 944 704
2737 705
2069 706
1780 707
1357 708
2306 709
 913 710
2270 711
 878 712
 693 713
1307 714
 581 715
 846 716
 792 717
 409 718
 591 719
 907 720
2346 721
 522 722
1274 723
 434 724
 350 725
 547 726
1033 727
 216 728
 289 729
 807 730
 398 731
 704 732
 229 733
 264 734
 247 735
 319 736
 907 737
 272 738
 300 739
 654 740
 499 741
 287 742
 215 743
 684 744
 487 745
 405 746
1146 747
 294 748
 354 749
 365 750
 295 751
 643 752
 254 753
1010 754
 231 755
 470 756
 242 757
 265 758
1009 759
 307 760
 127 761
 706 762
 518 763
 206 764
1551 765
 442 766
 485 767
 579 768
 502 769
 297 770
 375 771
 361 772
 215 773
 412 774
 438 775
 259 776
 457 777
 267 778
 201 779
 558 780
 334 781
 322 782
 641 783
 428 784
 453 785
 454 786
 347 787
 407 788
 588 789
 535 790
 510 791
 760 792
 645 793
 268 794
 522 795
 209 796
 402 797
 588 798
 461 799
 559 800
 993 801
 361 802
 568 803
 421 804
 251 805
 812 806
 838 807
 675 808
 284 809
 583 810
 694 811
 731 812
 546 813
 743 814
 550 815
 487 816
 772 817
 314 818
 681 819
 810 820
 172 821
 415 822
 414 823
 548 824
 791 825
 606 826
 647 827
 449 828
 228 829
 403 830
1121 831
 172 832
 186 833
 230 834
 687 835
 216 836
 247 837
 342 838
 209 839
 508 840
 632 841
 113 842
 398 843
 398 844
 486 845
 492 846
 408 847
 407 848
 391 849
 711 850
 104 851
 195 852
 260 853
 195 854
 160 855
 844 856
 134 857
 250 858
 450 859
 296 860
 156 861
 384 862
 151 863
 414 864
 176 865
  90 866
 368 867
 279 868
 627 869
 201 870
 190 871
  88 872
 386 873
 162 874
 213 875
 213 876
 346 877
 124 878
 127 879
 749 880
  65 881
 315 882
 322 883
 189 884
 564 885
 355 886
  51 887
 282 888
 180 889
  82 890
 196 891
 156 892
 171 893
 265 894
 384 895
 128 896
2091 897
3856 898
  73 899
 935 900
 576 901
  75 902
 496 903
 327 904
 240 905
 138 906
 341 907
 176 908
 359 909
 202 910
 105 911
 199 912
  33 913
 204 914
  51 915
 153 916
  41 917
 215 918
 309 919
 125 920
 209 921
 360 922
  26 923
 272 924
 231 925
 104 926
 127 927
 159 928
  27 929
 170 930
 304 931
  57 932
 415 933
  76 934
 166 935
 223 936
 122 937
 137 938
  83 939
 355 940
  54 941
 203 942
  76 943
  34 944
 128 945
  37 946
  19 947
 124 948
  35 949
  45 950
 105 951
  84 952
 201 953
 281 954
  37 955
 119 956
 896 957
  33 958
  85 959
 136 960
  56 961
 432 962
 491 963
  84 964
  35 965
 461 966
 137 967
  71 968
1974 969
 135 970
  42 971
 198 972
  62 973
  22 974
 106 975
 133 976
  27 977
 166 978
 986 979
 296 980
  74 981
 681 982
  73 983
1230 984
 115 985
  96 986
 137 987
 110 988
 121 989
  64 990
  49 991
  20 992
  75 993
  21 994
1942 995
 119 996
  54 997
  38 998
 185 999
20090 1000
  22 1001
  47 1002
  24 1003
  24 1004
  61 1005
 101 1006
  31 1007
 137 1008
  40 1009
  57 1010
  69 1011
  27 1012
  14 1013
  22 1014
  25 1015
  33 1016
  86 1017
   7 1018
  74 1019
  80 1020
  25 1021
 132 1022
 460 1023
  16 1024
  69 1025
 114 1026
 159 1027
  14 1028
 109 1029
 175 1030
  13 1031
  80 1032
  14 1033
 244 1034
 105 1035
  15 1036
  25 1037
 321 1038
  21 1039
  18 1040
 204 1041
  23 1042
  51 1043
 171 1044
  15 1045
  15 1046
 116 1047
 104 1048
  19 1049
 173 1050
  14 1051
  16 1052
 322 1053
 574 1054
  19 1055
  17 1056
  36 1057
 118 1058
  57 1059
  16 1060
   8 1061
  14 1062
  16 1063
  32 1064
 226 1065
   7 1066
   7 1067
  16 1068
  57 1069
   8 1070
  40 1071
  21 1072
  17 1073
  19 1074
 399 1075
 266 1076
 270 1077
 598 1078
  36 1079
 230 1080
  22 1081
  31 1082
 116 1083
  59 1084
  51 1085
  69 1086
 446 1087
  26 1088
  34 1089
  10 1090
  75 1091
  25 1092
  42 1093
  29 1094
  91 1095
  70 1096
   6 1097
 143 1098
 144 1099
 144 1100
  25 1101
  19 1102
   9 1103
  22 1104
  13 1105
  20 1106
 472 1107
  71 1108
   8 1109
  67 1110
 306 1111
  31 1112
1082 1113
   7 1114
  41 1115
  17 1116
  33 1117
   8 1118
  17 1119
  11 1120
  14 1121
  14 1122
  14 1123
   6 1124
  71 1125
 118 1126
  17 1127
 119 1128
   9 1129
  17 1130
 199 1131
  14 1132
  24 1133
  48 1134
  31 1135
  31 1136
  33 1137
  13 1138
  13 1139
 244 1140
  20 1141
  72 1142
 305 1143
 166 1144
 164 1145
 111 1146
  27 1147
  67 1148
 115 1149
   5 1150
  64 1151
 103 1152
 167 1153
   8 1154
  20 1155
  30 1156
  29 1157
  27 1158
  46 1159
   7 1160
  51 1161
   9 1162
  12 1163
  67 1164
   6 1165
   6 1166
  97 1167
  24 1168
  17 1169
 159 1170
 111 1171
  69 1172
 114 1173
  15 1174
  21 1175
  78 1176
  37 1177
 250 1178
  44 1179
 123 1180
 220 1181
 200 1182
  77 1183
  42 1184
 102 1185
  29 1186
  68 1187
  81 1188
  52 1189
 139 1190
 236 1191
  29 1192
  49 1193
 291 1194
  40 1195
  49 1196
 311 1197
  88 1198
 188 1199
 115 1200
  96 1201
  38 1202
  68 1203
  18 1204
  68 1205
 118 1206
  48 1207
 363 1208
 251 1209
  61 1210
  58 1211
  80 1212
  51 1213
  84 1214
 134 1215
  90 1216
 254 1217
 137 1218
  29 1219
 186 1220
  63 1221
 122 1222
  38 1223
 131 1224
  39 1225
 142 1226
  62 1227
  52 1228
  25 1229
  86 1230
  15 1231
 359 1232
  62 1233
  46 1234
  77 1235
  41 1236
 116 1237
 315 1238
 133 1239
  54 1240
  47 1241
  58 1242
   9 1243
 117 1244
 127 1245
 145 1246
 167 1247
 192 1248
 319 1249
   5 1250
 110 1251
  34 1252
  29 1253
  16 1254
  76 1255
  46 1256
  53 1257
  47 1258
 121 1259
 196 1260
 153 1261
  23 1262
  15 1263
  23 1264
 140 1265
  16 1266
 148 1267
  13 1268
   9 1269
  59 1270
 564 1271
  50 1272
 157 1273
  12 1274
   9 1275
  65 1276
  33 1277
  25 1278
  13 1279
  17 1280
  53 1281
  20 1282
   7 1283
  10 1284
  19 1285
  28 1286
  33 1287
  89 1288
  14 1289
 313 1290
  29 1291
  17 1292
  10 1293
  10 1294
  27 1295
 175 1296
   9 1297
  22 1298
  71 1299
   9 1300
   5 1301
  14 1302
   8 1303
  18 1304
  39 1305
   3 1306
   5 1307
 101 1308
   2 1309
   7 1310
  11 1311
   4 1312
  15 1313
   9 1314
  91 1315
 110 1316
  16 1317
  10 1318
  43 1319
  11 1320
   5 1321
 197 1322
  10 1323
   7 1324
  73 1325
  96 1326
   5 1327
   7 1328
  40 1329
   5 1330
   6 1331
  17 1332
   5 1333
   5 1334
   5 1335
   4 1336
  26 1337
  14 1338
   2 1339
   1 1340
   6 1341
   2 1342
   6 1343
  14 1344
   3 1345
  22 1346
  91 1347
   6 1348
 139 1349
  19 1350
   7 1351
  46 1352
  17 1353
   2 1354
   7 1355
  10 1356
  65 1357
   4 1358
  12 1359
   8 1360
  11 1361
  25 1362
   4 1363
  20 1364
 148 1365
   5 1366
   3 1367
  78 1368
   7 1369
  41 1370
 206 1371
  28 1372
  13 1373
  85 1374
  96 1375
  14 1376
 105 1377
  18 1378
   6 1379
  59 1380
 450 1381
  21 1382
  65 1383
   4 1384
  12 1385
  83 1386
  16 1387
   9 1388
   8 1389
   8 1390
   6 1391
  91 1392
  32 1393
   7 1394
  54 1395
  65 1396
  14 1397
  37 1398
  40 1399
  25 1400
 361 1401
1335 1402
  30 1403
 439 1404
  63 1405
  67 1406
  29 1407
 274 1408
   8 1409
  31 1410
  21 1411
  14 1412
  30 1413
 104 1414
  12 1415
  68 1416
  22 1417
  37 1418
  48 1419
  74 1420
  51 1421
  17 1422
  56 1423
  53 1424
  73 1425
 128 1426
  52 1427
  95 1428
  33 1429
 190 1430
  75 1431
  28 1432
 101 1433
 108 1434
  46 1435
  31 1436
 115 1437
  43 1438
  21 1439
 228 1440
  15 1441
  43 1442
 143 1443
 160 1444
 214 1445
  55 1446
  32 1447
  27 1448
  47 1449
 561 1450
  32 1451
 267 1452
 163 1453
 103 1454
  40 1455
  33 1456
  44 1457
  51 1458
  59 1459
  52 1460
 333 1461
  25 1462
  94 1463
2465 1464
  40 1465
 104 1466
 177 1467
  14 1468
 369 1469
  54 1470
  50 1471
 174 1472
  44 1473
 166 1474
 496 1475
 563 1476
  20 1477
  38 1478
  34 1479
  61 1480
 102 1481
  65 1482
  18 1483
  17 1484
  52 1485
 201 1486
 335 1487
2477 1488
  31 1489
  26 1490
 176 1491
1317 1492
6791 1493
 289 1494
 320 1495
 308 1496
 157 1497
 184 1498
  40 1499
 252 1500
  57 1501
  88 1502
 181 1503
  27 1504
  22 1505
  69 1506
 403 1507
  62 1508
 101 1509
 174 1510
  13 1511
  33 1512
  22 1513
  23 1514
  66 1515
  16 1516
  65 1517
 148 1518
  36 1519
  21 1520
 116 1521
  97 1522
  25 1523
 136 1524
  77 1525
  46 1526
 231 1527
 375 1528
  34 1529
 641 1530
1396 1531
  48 1532
1951 1533
1771 1534
 509 1535
2171 1536
1015 1537
  83 1538
7284 1539
 435 1540
  67 1541
32374 1542
 443 1543
  27 1544
1947 1545
  73 1546
  35 1547
8654 1548
  55 1549
  95 1550
1920 1551
  26 1552
  12 1553
1134 1554
  19 1555
  17 1556
 794 1557
  23 1558
   4 1559
 327 1560
  68 1561
   1 1562
 640 1563
  10 1564
   3 1565
 347 1566
  18 1567
   2 1568
 123 1569
   9 1570
   1 1571
  90 1572
  23 1573
   3 1574
 270 1575
  37 1576
   5 1577
 101 1578
   7 1579
  31 1581
  12 1582
  32 1583
  75 1584
   2 1585
   2 1586
  90 1587
 244 1590
   3 1591
 305 1593
  26 1594
   4 1595
  25 1596
  52 1597
   1 1598
 320 1599
   1 1600
 159 1602
   6 1603
  91 1605
   9 1606
  30 1608
   6 1609
  18 1611
   1 1612
   1 1613
  43 1614
   1 1615
  66 1617
   1 1618
  40 1620
  13 1623
   1 1625
  14 1626
   1 1627
  10 1629
   1 1630
   3 1632
   1 1634
   3 1635
   2 1636
  12 1638
   2 1640
   9 1641
   1 1642
  33 1644
   1 1645
  21 1647
   1 1649
  35 1650
   1 1651
   1 1652
  84 1653
   2 1656
   4 1659
   1 1660
   9 1662
   1 1665
   1 1666
   1 1667
  12 1668
   2 1669
   1 1671
   5 1674
   1 1676
   4 1677
   2 1680
   1 1681
   3 1683
   3 1686
   7 1689
   1 1692
   1 1703
   1 1705
  12 1707
   1 1709
   8 1710
   3 1713
   4 1716
   1 1717
   5 1719
   3 1722
   1 1723
   1 1725
   1 1726
   1 1727
   1 1730
   1 1731
   2 1734
   2 1735
   5 1737
   5 1740
   2 1744
   3 1746
   9 1749
   1 1750
   1 1751
   4 1752
   4 1755
   1 1756
   1 1758
   1 1759
   2 1761
   1 1762
   4 1764
   1 1766
   1 1768
   2 1769
  51 1770
   1 1771
   1 1774
   1 1777
   1 1779
   2 1785
   1 1787
   1 1788
   1 1789
   1 1793
   3 1796
   1 1797
   1 1801
  17 1803
   1 1806
   1 1808
   1 1810
   1 1813
   1 1814
   1 1815
   1 1816
   2 1818
   2 1819
  47 1821
   1 1825
   1 1826
   1 1829
   1 1840
   1 1843
   1 1848
   1 1850
   1 1853
   1 1855
   1 1857
   1 1866
   1 1868
   1 1873
   1 1881
   1 1893
   1 1928
   1 1935
   1 1938
   1 1956
   1 1971
   2 1974
   1 1982
   1 1989
   1 1996
   1 2034
   2 2070
   1 2082
   1 2142
   1 2247
   2 2298
   1 2401
   1 2412
   2 2426
   1 2428
   1 2432
   4 2542
   8 2543
   1 2785
   3 2787
   1 2789
   1 2797
   2 2809
   1 2829
   1 2847
   1 2863
   1 2867
   1 2916
   2 2926
   2 3193
   1 3957
   1 6350
   1 7659
   1 9299
