   8 54
   3 55
  10 56
   6 57
   9 58
   1 59
   1 60
   2 61
   9 62
   2 63
   3 64
  10 65
   5 66
   3 67
   1 68
   4 69
   4 70
   6 71
   5 72
   4 73
   8 74
   8 75
   5 76
   4 77
  11 78
   5 79
  12 80
   7 81
  10 82
   5 83
  11 84
  11 85
   6 86
  15 87
   7 88
   9 89
  16 90
  15 91
  24 92
  22 93
 243 94
  82 95
  25 96
  18 97
  20 98
  23 99
  23 100
  31 101
  29 102
  42 103
  19 104
  19 105
  42 106
  28 107
  37 108
  31 109
 179 110
  30 111
  32 112
  44 113
  42 114
 122 115
  33 116
 212 117
  24 118
 261 119
  58 120
  32 121
  45 122
  53 123
  84 124
  39 125
  33 126
 156 127
  55 128
  96 129
 169 130
  59 131
 125 132
  53 133
  54 134
  83 135
  38 136
  31 137
  42 138
  58 139
  36 140
  37 141
  20 142
  46 143
 248 144
 328 145
1080 146
  31 147
 302 148
  32 149
  32 150
  33 151
  56 152
  51 153
  35 154
  44 155
  73 156
  32 157
  27 158
  46 159
  47 160
  44 161
  73 162
  47 163
4826 164
  92 165
  34 166
  31 167
  58 168
  62 169
  34 170
  79 171
  44 172
  39 173
  33 174
  36 175
  38 176
  52 177
  30 178
  44 179
  52 180
  34 181
  39 182
  70 183
 338 184
  41 185
  81 186
  41 187
  41 188
  72 189
  37 190
  34 191
  66 192
  80 193
  36 194
  61 195
  53 196
  27 197
  56 198
  58 199
 192 200
 137 201
 252 202
  81 203
 478 204
 182 205
 130 206
 177 207
 171 208
  95 209
 224 210
 150 211
 117 212
 468 213
 125 214
 196 215
 168 216
 146 217
 128 218
 347 219
8186 220
2736 221
 994 222
 482 223
 188 224
 253 225
 360 226
 155 227
 148 228
 124 229
 103 230
 171 231
 309 232
 165 233
 206 234
 115 235
 164 236
 239 237
 182 238
 144 239
 357 240
 106 241
 252 242
 388 243
 228 244
 184 245
 266 246
 127 247
 171 248
 232 249
 159 250
 195 251
 215 252
 272 253
 136 254
 246 255
 164 256
 149 257
 342 258
 198 259
 220 260
 320 261
 269 262
 199 263
 310 264
 281 265
 356 266
 310 267
 250 268
 334 269
 519 270
 245 271
 237 272
 372 273
 276 274
 260 275
 560 276
 206 277
 338 278
 440 279
 280 280
 362 281
 422 282
 378 283
 507 284
 468 285
 241 286
 260 287
 324 288
 503 289
 900 290
 597 291
 251 292
 286 293
 446 294
 347 295
 332 296
 654 297
 398 298
 249 299
 618 300
 262 301
 304 302
 833 303
 422 304
 454 305
1434 306
12595 307
 606 308
3540 309
1373 310
1263 311
25728 312
20038 313
3111 314
2067 315
 349 316
 415 317
1593 318
 454 319
 445 320
 411 321
 533 322
 407 323
 643 324
2461 325
2086 326
3347 327
1555 328
 754 329
 976 330
1512 331
1517 332
 493 333
 334 334
 410 335
 624 336
 432 337
1045 338
 663 339
 553 340
 305 341
1175 342
 332 343
 450 344
1215 345
 756 346
 405 347
1011 348
 353 349
 777 350
1230 351
 843 352
 507 353
 653 354
 335 355
 422 356
 722 357
 369 358
 631 359
 866 360
1599 361
 505 362
 884 363
 531 364
 365 365
1471 366
 713 367
 429 368
 735 369
 530 370
 749 371
 991 372
 668 373
 586 374
1364 375
 696 376
 649 377
1122 378
 934 379
 579 380
1492 381
 653 382
 521 383
1961 384
1067 385
1048 386
1431 387
 572 388
 479 389
1331 390
 572 391
1171 392
1164 393
 741 394
1014 395
1323 396
 497 397
 806 398
2077 399
1473 400
1928 401
1839 402
3868 403
1136 404
2005 405
 980 406
27029 407
1954 408
 765 409
 931 410
1923 411
 958 412
 551 413
2194 414
1497 415
1452 416
2813 417
1505 418
1772 419
3741 420
8527 421
1375 422
2475 423
1025 424
1298 425
3705 426
 840 427
1452 428
2018 429
1307 430
 788 431
2170 432
 978 433
1675 434
3017 435
 820 436
1053 437
3146 438
1742 439
 860 440
2923 441
1174 442
1017 443
2475 444
2026 445
2511 446
2766 447
1331 448
1855 449
3609 450
3893 451
2030 452
4473 453
2107 454
2845 455
5771 456
1852 457
2735 458
4652 459
1701 460
2069 461
7645 462
4139 463
2862 464
6220 465
2245 466
2345 467
7171 468
2110 469
2700 470
5858 471
4326 472
2185 473
6556 474
1975 475
2352 476
4493 477
2244 478
1943 479
6296 480
2437 481
1810 482
3666 483
1924 484
2143 485
3463 486
2050 487
1739 488
2955 489
2239 490
1849 491
2929 492
2274 493
2068 494
3033 495
1980 496
1856 497
3603 498
3124 499
2144 500
4190 501
3616 502
2611 503
6452 504
2799 505
2025 506
5687 507
2638 508
2624 509
9967 510
3105 511
2646 512
13146 513
4533 514
4007 515
17005 516
3143 517
2652 518
15742 519
3464 520
3630 521
18411 522
3210 523
3645 524
19229 525
2978 526
4144 527
18544 528
3429 529
3806 530
17162 531
4505 532
4650 533
23215 534
4025 535
4314 536
25242 537
4178 538
3696 539
27735 540
3970 541
2991 542
21043 543
5115 544
4832 545
31707 546
5208 547
6427 548
34881 549
11466 550
6273 551
50214 552
4822 553
6522 554
64493 555
8085 556
5507 557
29635 558
6166 559
7444 560
34823 561
10086 562
6903 563
106854 564
16874 565
11533 566
71167 567
10563 568
6770 569
32536 570
8779 571
8433 572
48436 573
9855 574
9555 575
181259 576
31513 577
9428 578
143045 579
15014 580
13692 581
105070 582
20745 583
11621 584
65906 585
13224 586
9649 587
320726 588
67913 589
18852 590
149465 591
41139 592
16527 593
49690 594
12450 595
9557 596
14800 597
8110 598
10462 599
44280 600
16618 601
14583 602
31181 603
9691 604
11200 605
25275 606
9917 607
11183 608
30956 609
13221 610
17535 611
29307 612
17793 613
40854 614
22622 615
11637 616
11126 617
30025 618
13342 619
16972 620
37244 621
17709 622
13459 623
28759 624
17030 625
13450 626
31455 627
17103 628
21124 629
40208 630
21648 631
60932 632
40939 633
21114 634
17527 635
35024 636
28198 637
34493 638
43804 639
149944 640
64246 641
59123 642
53086 643
49185 644
66057 645
55289 646
63069 647
73567 648
65056 649
56361 650
378098 651
785032 652
1493861 653
1254874 654
671155 655
216775 656
261355 657
2756269 658
46910 659
59655 660
24092 661
14628 662
14764 663
10505 664
10547 665
11084 666
8777 667
9044 668
11899 669
9209 670
8860 671
11150 672
8559 673
8189 674
11150 675
13193 676
9626 677
11023 678
7039 679
6983 680
7000 681
6700 682
4781 683
5005 684
3770 685
4701 686
4439 687
3569 688
2253 689
3729 690
2181 691
2672 692
3040 693
13824 694
3802 695
11232 696
7485 697
3959 698
4390 699
2947 700
2253 701
2477 702
1214 703
 943 704
2732 705
2066 706
1777 707
1356 708
2305 709
 916 710
2271 711
 877 712
 692 713
1295 714
 581 715
 846 716
 846 717
 405 718
 581 719
 888 720
2342 721
 516 722
1320 723
 429 724
 340 725
 612 726
1034 727
 214 728
 289 729
 808 730
 397 731
 704 732
 227 733
 260 734
 247 735
 292 736
 907 737
 272 738
 301 739
 653 740
 501 741
 286 742
 215 743
 684 744
 489 745
 406 746
1146 747
 294 748
 354 749
 364 750
 295 751
 642 752
 256 753
1010 754
 231 755
 470 756
 242 757
 264 758
 998 759
 307 760
 126 761
 687 762
 518 763
 206 764
1551 765
 441 766
 485 767
 580 768
 502 769
 297 770
 375 771
 361 772
 215 773
 414 774
 438 775
 260 776
 457 777
 267 778
 201 779
 558 780
 281 781
 322 782
 641 783
 428 784
 453 785
 454 786
 348 787
 407 788
 588 789
 535 790
 510 791
 759 792
 645 793
 268 794
 523 795
 209 796
 402 797
 597 798
 460 799
 559 800
 994 801
 361 802
 569 803
 422 804
 548 805
 812 806
 838 807
 674 808
 282 809
 583 810
 696 811
 730 812
 545 813
 743 814
 550 815
 488 816
 772 817
 314 818
 681 819
 810 820
 170 821
 415 822
 414 823
 547 824
 789 825
 606 826
 647 827
 449 828
 228 829
 402 830
1121 831
 172 832
 186 833
 230 834
 686 835
 214 836
 247 837
 342 838
 209 839
 838 840
 685 841
 113 842
 407 843
 423 844
 500 845
 492 846
 410 847
 406 848
 392 849
 712 850
 104 851
 194 852
 260 853
 195 854
 161 855
 845 856
 134 857
 246 858
 454 859
 296 860
 155 861
 385 862
 151 863
 414 864
 176 865
  90 866
 368 867
 279 868
 627 869
 200 870
 191 871
  87 872
 386 873
 162 874
 217 875
 213 876
 346 877
 124 878
 126 879
 750 880
  65 881
 315 882
 322 883
 188 884
 565 885
 355 886
  51 887
 282 888
 180 889
  82 890
 196 891
 156 892
 170 893
 265 894
 383 895
 126 896
2088 897
3857 898
  74 899
 962 900
 576 901
  76 902
 497 903
 329 904
 242 905
 141 906
 341 907
 175 908
 360 909
 202 910
 105 911
 199 912
  33 913
 204 914
  51 915
 153 916
  41 917
 215 918
 309 919
 125 920
 209 921
 360 922
  26 923
 272 924
 231 925
 104 926
 127 927
 159 928
  27 929
 170 930
 304 931
  57 932
 415 933
  76 934
 166 935
 223 936
 122 937
 137 938
  83 939
 355 940
  54 941
 203 942
  76 943
  34 944
 128 945
  37 946
  19 947
 124 948
  35 949
  45 950
 105 951
  84 952
 201 953
 281 954
  37 955
 119 956
 896 957
  33 958
  85 959
 136 960
  56 961
 432 962
 491 963
  84 964
  35 965
 461 966
 137 967
  70 968
1975 969
 135 970
  42 971
 198 972
  62 973
  22 974
 106 975
 133 976
  27 977
 166 978
 986 979
 296 980
  73 981
 681 982
  73 983
1230 984
 115 985
  96 986
 137 987
 110 988
 121 989
  64 990
  49 991
  20 992
  75 993
  21 994
1942 995
 119 996
  54 997
  38 998
 183 999
20100 1000
  22 1001
  47 1002
  24 1003
  24 1004
  61 1005
 101 1006
  31 1007
 137 1008
  40 1009
  57 1010
  69 1011
  27 1012
  14 1013
  22 1014
  25 1015
  33 1016
  86 1017
   7 1018
  74 1019
  81 1020
  25 1021
 132 1022
 460 1023
  16 1024
  69 1025
 114 1026
 159 1027
  14 1028
 109 1029
 175 1030
  13 1031
  79 1032
  14 1033
 243 1034
 105 1035
  15 1036
  25 1037
 321 1038
  22 1039
  18 1040
 204 1041
  23 1042
  52 1043
 171 1044
  15 1045
  15 1046
 116 1047
 102 1048
  19 1049
 173 1050
  14 1051
  16 1052
 322 1053
 574 1054
  19 1055
  17 1056
  36 1057
 118 1058
  57 1059
  16 1060
   8 1061
  14 1062
  16 1063
  31 1064
 226 1065
   7 1066
   7 1067
  16 1068
  56 1069
   7 1070
  41 1071
  21 1072
  17 1073
  19 1074
 399 1075
 266 1076
 270 1077
 598 1078
  35 1079
 237 1080
  22 1081
  31 1082
 116 1083
  59 1084
  51 1085
  69 1086
 446 1087
  26 1088
  34 1089
  10 1090
  75 1091
  25 1092
  42 1093
  29 1094
  91 1095
  70 1096
   6 1097
 143 1098
 144 1099
 144 1100
  25 1101
  19 1102
   9 1103
  22 1104
  13 1105
  20 1106
 472 1107
  71 1108
   8 1109
  67 1110
 306 1111
  31 1112
1081 1113
   7 1114
  41 1115
  17 1116
  33 1117
   8 1118
  17 1119
  11 1120
  14 1121
  14 1122
  14 1123
   6 1124
  71 1125
 118 1126
  17 1127
 119 1128
   9 1129
  17 1130
 199 1131
  14 1132
  24 1133
  48 1134
  31 1135
  31 1136
  33 1137
  13 1138
  13 1139
 244 1140
  20 1141
  72 1142
 305 1143
 166 1144
 164 1145
 111 1146
  27 1147
  67 1148
 115 1149
   5 1150
  64 1151
 103 1152
 167 1153
   8 1154
  20 1155
  30 1156
  29 1157
  27 1158
  46 1159
   7 1160
  51 1161
   9 1162
  12 1163
  67 1164
   6 1165
   6 1166
  97 1167
  24 1168
  17 1169
 159 1170
 111 1171
  69 1172
 114 1173
  15 1174
  20 1175
  78 1176
  37 1177
 250 1178
  44 1179
 123 1180
 220 1181
 200 1182
  77 1183
  42 1184
 102 1185
  29 1186
  68 1187
  81 1188
  52 1189
 139 1190
 236 1191
  29 1192
  49 1193
 291 1194
  40 1195
  49 1196
 311 1197
  88 1198
 188 1199
 115 1200
  96 1201
  38 1202
  68 1203
  18 1204
  68 1205
 118 1206
  48 1207
 363 1208
 250 1209
  61 1210
  58 1211
  80 1212
  50 1213
  84 1214
 133 1215
  90 1216
 254 1217
 137 1218
  29 1219
 186 1220
  63 1221
 121 1222
  38 1223
 131 1224
  39 1225
 142 1226
  62 1227
  51 1228
  26 1229
  86 1230
  15 1231
 359 1232
  62 1233
  46 1234
  77 1235
  41 1236
 116 1237
 315 1238
 133 1239
  54 1240
  47 1241
  58 1242
   9 1243
 117 1244
 124 1245
 145 1246
 167 1247
 192 1248
 319 1249
   5 1250
 110 1251
  34 1252
  29 1253
  16 1254
  76 1255
  46 1256
  53 1257
  47 1258
 121 1259
 196 1260
 153 1261
  23 1262
  15 1263
  22 1264
 139 1265
  16 1266
 148 1267
  13 1268
   8 1269
  59 1270
 564 1271
  50 1272
 157 1273
  11 1274
   9 1275
  64 1276
  33 1277
  25 1278
  13 1279
  17 1280
  53 1281
  20 1282
   7 1283
  10 1284
  19 1285
  28 1286
  33 1287
  89 1288
  14 1289
 313 1290
  29 1291
  17 1292
  10 1293
  10 1294
  26 1295
 176 1296
   9 1297
  22 1298
  71 1299
   9 1300
   5 1301
  14 1302
   8 1303
  18 1304
  39 1305
   3 1306
   5 1307
 101 1308
   2 1309
   7 1310
  11 1311
   4 1312
  15 1313
   9 1314
  91 1315
 110 1316
  16 1317
  10 1318
  43 1319
  11 1320
   5 1321
 197 1322
  10 1323
   7 1324
  73 1325
  96 1326
   5 1327
   7 1328
  40 1329
   5 1330
   6 1331
  17 1332
   5 1333
   5 1334
   5 1335
   4 1336
  26 1337
  14 1338
   2 1339
   1 1340
   6 1341
   2 1342
   6 1343
  14 1344
   3 1345
  22 1346
  91 1347
   6 1348
 139 1349
  19 1350
   7 1351
  46 1352
  17 1353
   2 1354
   7 1355
   9 1356
  65 1357
   4 1358
  12 1359
   8 1360
  11 1361
  25 1362
   4 1363
  20 1364
 148 1365
   5 1366
   3 1367
  78 1368
   7 1369
  41 1370
 206 1371
  28 1372
  13 1373
  85 1374
  95 1375
  14 1376
 105 1377
  18 1378
   5 1379
  59 1380
 449 1381
  21 1382
  65 1383
   4 1384
  12 1385
  83 1386
  16 1387
   9 1388
   8 1389
   8 1390
   6 1391
  90 1392
  32 1393
   7 1394
  54 1395
  65 1396
  13 1397
  38 1398
  40 1399
  25 1400
 361 1401
1335 1402
  30 1403
 439 1404
  63 1405
  67 1406
  29 1407
 274 1408
   8 1409
  30 1410
  21 1411
  14 1412
  30 1413
 173 1414
  12 1415
  68 1416
  21 1417
  37 1418
  72 1419
  73 1420
  50 1421
  16 1422
  56 1423
  53 1424
  73 1425
 128 1426
  51 1427
  94 1428
  32 1429
 189 1430
  75 1431
  28 1432
 101 1433
 108 1434
  46 1435
  30 1436
 115 1437
  42 1438
  21 1439
 228 1440
  14 1441
  41 1442
 143 1443
 160 1444
 214 1445
  49 1446
  32 1447
  27 1448
  46 1449
 561 1450
  31 1451
 267 1452
 163 1453
 100 1454
  36 1455
  31 1456
  43 1457
  51 1458
  59 1459
  47 1460
 327 1461
  19 1462
  90 1463
2265 1464
  26 1465
  92 1466
 177 1467
  26 1468
 369 1469
  54 1470
  49 1471
 173 1472
  44 1473
 165 1474
 496 1475
 563 1476
  19 1477
  37 1478
  33 1479
  61 1480
 101 1481
  64 1482
  18 1483
  16 1484
  52 1485
 201 1486
 334 1487
2477 1488
  31 1489
  24 1490
 161 1491
  44 1492
8180 1493
 554 1494
 320 1495
 342 1496
 157 1497
 184 1498
  40 1499
 252 1500
  57 1501
  88 1502
 181 1503
  27 1504
  20 1505
  69 1506
 403 1507
  62 1508
 101 1509
 174 1510
  13 1511
  33 1512
  22 1513
  23 1514
  66 1515
  16 1516
  65 1517
 148 1518
  36 1519
  20 1520
 116 1521
  97 1522
  25 1523
 136 1524
  77 1525
  46 1526
 231 1527
 375 1528
  34 1529
 641 1530
1395 1531
  48 1532
1951 1533
1771 1534
 508 1535
2172 1536
1015 1537
  83 1538
7284 1539
 436 1540
  61 1541
32383 1542
 443 1543
  28 1544
1947 1545
  73 1546
  35 1547
8655 1548
  55 1549
  95 1550
1922 1551
  26 1552
  12 1553
1134 1554
  19 1555
  16 1556
 795 1557
  23 1558
   4 1559
 327 1560
  68 1561
   1 1562
 640 1563
  10 1564
   3 1565
 347 1566
  18 1567
   2 1568
 122 1569
   9 1570
   1 1571
  90 1572
  23 1573
   3 1574
 270 1575
  38 1576
   5 1577
 101 1578
   7 1579
  31 1581
  12 1582
  32 1583
  75 1584
   2 1585
   2 1586
  90 1587
 244 1590
   3 1591
 305 1593
  26 1594
   4 1595
  25 1596
  52 1597
   1 1598
 320 1599
   1 1600
 159 1602
   6 1603
  91 1605
   9 1606
  30 1608
   6 1609
  18 1611
   1 1612
   1 1613
  43 1614
   1 1615
  66 1617
   1 1618
  40 1620
  13 1623
   1 1625
  14 1626
   1 1627
  10 1629
   1 1630
   3 1632
   1 1634
   3 1635
   2 1636
  12 1638
   2 1640
   9 1641
   1 1642
  33 1644
   1 1645
  21 1647
   1 1649
  35 1650
   1 1651
   1 1652
  84 1653
   2 1656
   4 1659
   1 1660
   9 1662
   1 1665
   1 1666
   1 1667
  12 1668
   2 1669
   1 1671
   5 1674
   1 1676
   4 1677
   2 1680
   1 1681
   3 1683
   3 1686
   7 1689
   1 1692
   1 1703
   1 1705
  12 1707
   1 1709
   8 1710
   3 1713
   4 1716
   1 1717
   5 1719
   3 1722
   1 1723
   1 1725
   1 1726
   1 1727
   1 1730
   1 1731
   2 1734
   2 1735
   5 1737
   5 1740
   2 1744
   3 1746
   9 1749
   1 1750
   1 1751
   4 1752
   4 1755
   1 1756
   1 1758
   1 1759
   2 1761
   1 1762
   4 1764
   1 1766
   1 1768
   2 1769
  51 1770
   1 1771
   1 1774
   1 1777
   1 1779
   2 1785
   1 1787
   1 1788
   1 1789
   1 1793
   3 1796
   1 1797
   1 1801
  17 1803
   1 1806
   1 1808
   1 1810
   1 1813
   1 1814
   1 1815
   1 1816
   2 1818
   2 1819
  47 1821
   1 1825
   1 1826
   1 1829
   1 1840
   1 1843
   1 1848
   1 1850
   1 1853
   1 1855
   1 1857
   1 1866
   1 1868
   1 1873
   1 1881
   1 1893
   1 1928
   1 1935
   1 1938
   1 1956
   1 1971
   2 1974
   1 1982
   1 1989
   1 1996
   1 2034
   2 2070
   1 2082
   1 2142
   1 2247
   2 2298
   1 2401
   1 2412
   2 2426
   1 2428
   1 2432
   4 2542
   8 2543
   1 2785
   3 2787
   1 2789
   1 2797
   2 2809
   1 2829
   1 2847
   1 2863
   1 2867
   1 2916
   2 2926
   2 3193
   1 3957
   1 6350
   1 7659
   1 9299
